49.99999856611769
50.00000182437532
50.00000119678776
49.99999959300999
49.99999899135832
50.00000050916819
49.99999925071008
49.99999886349238
49.99999822325116
50.00000156804284
49.99999879787449
50.00000130937708
49.99999854708771
49.99999818642765
50.000000422050725
50.00000103128028
50.000000020660224
50.00000033831154
50.000001307558094
49.999998092451605
50.00000090969762
50.00000079573396
50.0000001154511
50.0000004081636
50.00000010244883
50.00000053166266
49.99999946298135
50.000001578726625
50.00000045770939
50.00000038907056
49.99999848412938
49.99999855090337
50.00000087340667
50.000001459656396
50.0000000156308
49.99999987395494
50.00000025702502
50.00000023176331
49.99999869108468
50.00000182206673
50.00000045245634
15.036031365737648
15.036722569663501
15.040429945510553
15.010991853217421
14.967357167835642
14.992510725636665
14.992562829072638
14.97431619809679
15.021330435252729
14.965483648538742
14.975900066379268
14.941217455100826
14.989344415591503
14.99809899434163
14.95324736009453
15.007739475871649
14.994867664071357
15.004543062996547
14.978873185446718
15.011001621559915
50.00000023176331
50.00000025702502
49.99999987395494
50.0000000156308
50.000001459656396
50.00000087340667
49.99999855090337
49.99999848412938
50.00000038907056
50.00000045770939
50.000001578726625
49.99999946298135
50.00000053166266
50.00000010244883
50.0000004081636
50.0000001154511
50.00000079573396
50.00000090969762
49.999998092451605
50.000001307558094
50.00000033831154
50.000000020660224
50.00000103128028
50.000000422050725
49.99999818642765
49.99999854708771
50.00000130937708
49.99999879787449
50.00000156804284
49.99999822325116
49.99999886349238
49.99999925071008
50.00000050916819
49.99999899135832
49.99999959300999
50.00000119678776
50.00000182437532
49.99999856611769
50.00000092697652
49.99999874496422
50.000001335827484
50.00000101635216
50.000000697013114
50.00000167809045
49.99999863199625
50.00000029440925
50.00000153431884
49.999998626915705
50.000001000505996
50.00000156589864
50.00000115319652
50.00000008384832
49.999998754176
50.00000072912614
49.99999839415382
49.99999883920836
50.00000185995402
49.999998892737146
50.00000011795255
50.000000736788735
49.99999962485821
49.99999850618407
49.999999761303584
50.00000100755102
50.00000043191703
49.99999915671544
49.99999830257653
49.99999894988187
50.000001639798946
49.999999566642174
50.0000005987204
50.00000089191411
50.00000050342375
49.99999912787345
49.999999925926424
49.999998498926345
50.000001393375214
49.999999965317976
50.000000395099676
50.00000109213292
15.01234673623195
15.010036640533194
14.99276632958062
14.98679715520072
14.998088782844729
14.977871678253774
14.989053718288856
14.95909920389094
14.96983415874482
14.986739199605037
14.957864525608164
14.95411418775206
14.943235459554721
14.977155856442966
14.993781903154447
14.995567895617627
14.999426265758993
15.015245738031455
15.040750087649023
15.049041715755136
50.000001393375214
49.999998498926345
49.999999925926424
49.99999912787345
50.00000050342375
50.00000089191411
50.0000005987204
49.999999566642174
50.000001639798946
49.99999894988187
49.99999830257653
49.99999915671544
50.00000043191703
50.00000100755102
49.999999761303584
49.99999850618407
49.99999962485821
50.000000736788735
50.00000011795255
49.999998892737146
50.00000185995402
49.99999883920836
49.99999839415382
50.00000072912614
49.999998754176
50.00000008384832
50.00000115319652
50.00000156589864
50.000001000505996
49.999998626915705
50.00000153431884
50.00000029440925
49.99999863199625
50.00000167809045
50.000000697013114
50.00000101635216
50.000001335827484
49.99999874496422
49.99999866482228
49.99999998630985
50.00000001515451
50.000001190961726
50.000001476160485
50.000000005559706
50.00000143951749
50.000000231679444
50.000001343711574
49.9999987595291
50.00000095447973
50.0000011572899
50.0000004863268
49.99999896017605
50.00000035583882
50.0000014930653
50.00000179353324
50.0000010125589
49.999998921332185
50.0000014786569
50.00000112793607
49.99999973697534
50.00000013541005
50.000000550419394
49.999999012392024
50.0000014038765
50.000001591173955
50.000000895264485
50.00000060523704
50.00000145646956
50.000000555033225
49.99999837859157
49.99999904682244
49.99999892321396
50.000001701765946
49.99999940067064
49.999999197287266
50.00000031383464
50.00000181686396
49.99999875705838
50.00000116666455
49.99999988865821
15.011097074209975
15.034578967382163
15.0040643795635
14.99297593904258
14.98769233785308
14.968296098121236
14.954308545691184
14.967673773754704
14.959457219370929
14.973790975171298
14.97027880326466
14.969495420555573
14.970456800307016
14.973161846451188
14.94116711437628
14.995480523421262
15.027373281543882
15.035634876167085
15.016113827335376
15.013364738588121
50.00000181686396
50.00000031383464
49.999999197287266
49.99999940067064
50.000001701765946
49.99999892321396
49.99999904682244
49.99999837859157
50.000000555033225
50.00000145646956
50.00000060523704
50.000000895264485
50.000001591173955
50.0000014038765
49.999999012392024
50.000000550419394
50.00000013541005
49.99999973697534
50.00000112793607
50.0000014786569
49.999998921332185
50.0000010125589
50.00000179353324
50.0000014930653
50.00000035583882
49.99999896017605
50.0000004863268
50.0000011572899
50.00000095447973
49.9999987595291
50.000001343711574
50.000000231679444
50.00000143951749
50.000000005559706
50.000001476160485
50.000001190961726
50.00000001515451
49.99999998630985
49.99999898676217
50.000000494822146
50.0000010560202
50.000000661848446
49.99999870361623
50.0000000447771
50.000000057079546
49.99999964166693
50.000000829164
50.00000054779708
50.000000068637995
50.000000434999514
50.000001597386515
50.00000112574688
49.99999855178856
50.00000165444442
49.999999156785876
50.00000180122234
50.0000012822379
50.00000108812988
50.000000062970926
50.00000056154893
50.00000148186264
50.00000105173252
50.00000123028856
50.00000023256911
49.999999391831174
50.000000046881354
49.99999991931374
49.99999956045987
49.99999984095058
50.000001326146744
50.000000591309536
50.00000146502085
50.00000002917102
49.999999832634956
50.00000036506574
50.00000084886439
50.00000035109759
50.000001562710246
49.9999992766695
49.999999570543245
14.996883359544437
14.98605620012602
14.98102589715576
15.004318517529112
15.004619073364012
14.969608988397486
14.942542477805265
14.982339733590877
14.952530498178541
14.96629937213946
14.98801199286218
14.976308552965714
14.977827169634333
15.009045733127742
14.975057205492687
14.993449774987152
14.990383255860646
14.973564748500989
15.007701763848793
14.991019807018551
50.00000035109759
50.00000084886439
50.00000036506574
49.999999832634956
50.00000002917102
50.00000146502085
50.000000591309536
50.000001326146744
49.99999984095058
49.99999956045987
49.99999991931374
50.000000046881354
49.999999391831174
50.00000023256911
50.00000123028856
50.00000105173252
50.00000148186264
50.00000056154893
50.000000062970926
50.00000108812988
50.0000012822379
50.00000180122234
49.999999156785876
50.00000165444442
49.99999855178856
50.00000112574688
50.000001597386515
50.000000434999514
50.000000068637995
50.00000054779708
50.000000829164
49.99999964166693
50.000000057079546
50.0000000447771
49.99999870361623
50.000000661848446
50.0000010560202
50.000000494822146
50.00000083347722
50.0000012189959
49.999999709257224
49.99999966195888
49.99999834208603
49.99999915791487
49.999998980890496
50.000000733220965
50.00000089359398
50.00000127822026
49.99999953131474
49.999999388410714
50.00000171474424
49.999999583793965
50.00000094223075
50.00000177678502
49.999998385901236
50.00000125601044
49.9999989166885
50.000001482761185
50.00000092797169
49.999999803951425
50.00000003670577
50.00000031146164
49.99999905611707
50.00000133361478
50.0000014262569
50.00000064898455
50.000000115680514
50.00000089929641
49.99999977334365
50.000001140852014
50.00000151384374
50.00000102273886
49.99999951934404
50.0000005506139
49.99999976721547
50.00000023116808
50.00000100884962
50.00000094962792
49.999998686611406
50.00000021973629
15.016621342648348
15.013602323136809
15.003824242110134
15.008918908240199
14.986200885468186
15.041899353556595
14.987096447044575
14.984570223413606
15.001373046058594
14.987048721889948
15.014580442455756
14.99157079165492
14.997510424474283
15.01030472968086
15.03437562204747
14.95659992845033
15.00818656356716
15.019368055294654
15.009671768958064
15.013562690892636
50.00000100884962
50.00000023116808
49.99999976721547
50.0000005506139
49.99999951934404
50.00000102273886
50.00000151384374
50.000001140852014
49.99999977334365
50.00000089929641
50.000000115680514
50.00000064898455
50.0000014262569
50.00000133361478
49.99999905611707
50.00000031146164
50.00000003670577
49.999999803951425
50.00000092797169
50.000001482761185
49.9999989166885
50.00000125601044
49.999998385901236
50.00000177678502
50.00000094223075
49.999999583793965
50.00000171474424
49.999999388410714
49.99999953131474
50.00000127822026
50.00000089359398
50.000000733220965
49.999998980890496
49.99999915791487
49.99999834208603
49.99999966195888
49.999999709257224
50.0000012189959
49.9999981332784
50.00000084432153
49.99999962340405
49.99999969353031
50.00000043064347
49.99999888020604
50.000000420369524
50.00000083534212
49.99999951973174
49.999999556890195
50.00000033232077
49.99999991811992
49.99999853776014
50.000000161314446
49.999998203908504
49.99999983695807
50.00000085472142
50.000001019374885
50.00000010735117
50.000000615783996
50.00000189405173
49.99999866842689
50.000001156196454
50.00000017604043
50.0000011821447
49.99999868140738
50.000001652727626
50.000000045202384
49.99999905358336
49.99999923899062
50.00000163254201
49.99999904337518
49.99999933859495
49.99999896008593
50.00000146234728
49.99999901043346
49.999998699966504
49.99999970379149
50.0000011913995
49.99999808256154
50.00000051837479
49.99999925798898
15.012276744166956
15.027583493949049
15.012581451312277
15.01392566728089
15.007743430898776
15.00143332763006
14.99103653178448
15.031659788086682
14.99873830007219
15.002243427226846
14.992805986635037
15.020192309478734
14.999174653809133
15.03425997627273
14.962833704798088
15.015940130179972
15.049132015460078
15.012337645905001
15.026969060904785
15.010219032233369
50.0000011913995
49.99999970379149
49.999998699966504
49.99999901043346
50.00000146234728
49.99999896008593
49.99999933859495
49.99999904337518
50.00000163254201
49.99999923899062
49.99999905358336
50.000000045202384
50.000001652727626
49.99999868140738
50.0000011821447
50.00000017604043
50.000001156196454
49.99999866842689
50.00000189405173
50.000000615783996
50.00000010735117
50.000001019374885
50.00000085472142
49.99999983695807
49.999998203908504
50.000000161314446
49.99999853776014
49.99999991811992
50.00000033232077
49.999999556890195
49.99999951973174
50.00000083534212
50.000000420369524
49.99999888020604
50.00000043064347
49.99999969353031
49.99999962340405
50.00000084432153
50.00000010511163
49.99999864854284
50.00000008389284
49.99999864149968
50.00000004625941
49.999999215748716
50.00000080567697
49.9999999489318
50.00000092098856
50.00000132830914
49.999998838469836
50.00000139437695
49.99999899168499
49.99999860048206
50.0000009318901
49.99999860886192
49.99999861402596
50.0000007165331
50.00000053841824
50.00000130327949
50.00000163364352
50.000000423420715
50.00000025398433
49.99999914963365
49.99999947514185
49.99999884853051
49.99999899857549
50.00000107038623
49.99999906014899
50.00000099602722
50.000000415948016
50.000001310242446
50.00000042431391
50.00000150424376
50.000000711279725
50.00000151568421
49.999999579834146
50.00000173534604
49.999999494136134
49.999999265075054
49.999999649292874
49.99999909739778
15.016943036567236
15.025926787727167
15.02699500839245
15.025817844153899
14.99632067723431
15.04550456134905
15.027351031039943
15.052914626823943
15.034311993606435
15.021815353991483
15.036446783648792
15.030446689175609
15.042225023629777
15.02058810069033
14.999278428196925
15.013751165839247
15.050229409790921
15.038635031802153
15.032828850486995
15.077326420117021
49.999999494136134
50.00000173534604
49.999999579834146
50.00000151568421
50.000000711279725
50.00000150424376
50.00000042431391
50.000001310242446
50.000000415948016
50.00000099602722
49.99999906014899
50.00000107038623
49.99999899857549
49.99999884853051
49.99999947514185
49.99999914963365
50.00000025398433
50.000000423420715
50.00000163364352
50.00000130327949
50.00000053841824
50.0000007165331
49.99999861402596
49.99999860886192
50.0000009318901
49.99999860048206
49.99999899168499
50.00000139437695
49.999998838469836
50.00000132830914
50.00000092098856
49.9999999489318
50.00000080567697
49.999999215748716
50.00000004625941
49.99999864149968
50.00000008389284
49.99999864854284
49.9999989963023
50.00000076031114
49.99999946125875
50.000000507725254
49.99999976197016
50.000001350952516
50.000000674319466
49.9999986289132
50.00000080840871
50.000001212452226
49.99999984798774
50.00000168390674
50.00000004852938
49.99999886737133
49.99999854004985
49.999998970494204
49.99999960365919
50.00000071192263
50.00000106546957
50.00000023304239
50.00000075032333
50.00000151353234
50.000000976185845
50.00000150577514
50.00000133085865
50.00000178660462
50.000000891923136
50.0000001359618
50.00000027135992
49.999998809342884
49.99999985204867
50.00000046163479
50.00000082505868
50.00000100518465
50.00000092180305
50.00000021807249
49.999998386774166
49.99999842396261
49.99999945197231
50.00000023248418
49.99999949237802
49.99999933809585
15.096938393011758
15.082793398341346
15.079220524422936
15.062012884083543
15.059866710444599
15.057342987225496
15.050342707461116
15.01573125612434
15.046940589486185
15.062816598822096
15.056851364023318
15.067603654462081
15.04637460969619
15.050332629213424
15.067916367095842
15.027256461960885
15.078918926452488
15.089001534308313
15.036268412629516
15.077508415833597
49.99999945197231
49.99999842396261
49.999998386774166
50.00000021807249
50.00000092180305
50.00000100518465
50.00000082505868
50.00000046163479
49.99999985204867
49.999998809342884
50.00000027135992
50.0000001359618
50.000000891923136
50.00000178660462
50.00000133085865
50.00000150577514
50.000000976185845
50.00000151353234
50.00000075032333
50.00000023304239
50.00000106546957
50.00000071192263
49.99999960365919
49.999998970494204
49.99999854004985
49.99999886737133
50.00000004852938
50.00000168390674
49.99999984798774
50.000001212452226
50.00000080840871
49.9999986289132
50.000000674319466
50.000001350952516
49.99999976197016
50.000000507725254
49.99999946125875
50.00000076031114
50.000000203455436
49.99999932494856
50.00000042850441
49.999998115975124
50.000001590210154
50.000001586130814
49.99999920604078
50.0000009006243
49.999999621204935
50.000000732139576
50.00000160074399
49.99999905943556
50.00000083744015
50.00000007059645
50.00000076633957
49.99999920421441
49.99999871169498
49.99999904651586
49.99999949255563
49.99999913165256
50.00000097195361
49.99999976981171
50.00000178189879
50.00000136247535
50.00000086004553
50.00000160103208
50.0000016013515
49.999998443928774
50.000000324086855
50.00000105563374
50.00000130983954
50.000001408469736
50.00000177263919
49.99999864506317
49.99999944179478
50.00000006404551
49.99999995223486
49.99999844132685
49.99999830652838
49.999998361594365
50.00000102605473
50.00000096186071
15.142833030671357
15.081958859859357
15.104558010492593
15.10066368465164
15.074100120576732
15.074750274584211
15.119286321522308
15.096285936431308
15.054722307210284
15.07014615196116
15.081832665133518
15.117925237770992
15.064401087797272
15.089495000644215
15.06047522013526
15.110255655979932
15.076460596327474
15.109209658832896
15.079424996817174
15.123477933472818
49.99999830652838
49.99999844132685
49.99999995223486
50.00000006404551
49.99999944179478
49.99999864506317
50.00000177263919
50.000001408469736
50.00000130983954
50.00000105563374
50.000000324086855
49.999998443928774
50.0000016013515
50.00000160103208
50.00000086004553
50.00000136247535
50.00000178189879
49.99999976981171
50.00000097195361
49.99999913165256
49.99999949255563
49.99999904651586
49.99999871169498
49.99999920421441
50.00000076633957
50.00000007059645
50.00000083744015
49.99999905943556
50.00000160074399
50.000000732139576
49.999999621204935
50.0000009006243
49.99999920604078
50.000001586130814
50.000001590210154
49.999998115975124
50.00000042850441
49.99999932494856
50.00000011304348
49.99999877829829
50.00000112571347
49.99999944122015
49.999999413160275
49.999999518558155
50.0000015270659
49.999999265612836
50.0000011973902
50.00000138810905
50.000001077632454
50.00000068915369
50.000000756763384
50.000001888905416
50.000000033332306
49.99999925993817
49.99999901044897
49.9999992982096
49.999999150489444
50.00000131151127
50.000001477966286
49.99999828841478
50.00000121499511
50.000001594689934
50.00000093365574
50.000001161780794
49.99999990679556
49.99999848107414
50.00000170652634
49.99999933949561
49.999999569676106
49.99999899945958
50.00000170995133
50.00000029723082
49.99999840672011
49.999999308203904
49.99999887599076
50.00000002793526
50.00000183907821
49.99999932022487
49.99999870140088
49.999998359043275
15.165484992603401
15.111276986924615
15.120703396445588
15.131147628654913
15.093900213027752
15.17442390660732
15.098665862799017
15.087368323209837
15.08867774630935
15.122452629933624
15.118608545305994
15.110605428750612
15.118874646953987
15.101377721509596
15.132186923824394
15.102299660584857
15.129092518634442
15.123495164882668
15.172853273669142
15.145003062760647
50.00000183907821
50.00000002793526
49.99999887599076
49.999999308203904
49.99999840672011
50.00000029723082
50.00000170995133
49.99999899945958
49.999999569676106
49.99999933949561
50.00000170652634
49.99999848107414
49.99999990679556
50.000001161780794
50.00000093365574
50.000001594689934
50.00000121499511
49.99999828841478
50.000001477966286
50.00000131151127
49.999999150489444
49.9999992982096
49.99999901044897
49.99999925993817
50.000000033332306
50.000001888905416
50.000000756763384
50.00000068915369
50.000001077632454
50.00000138810905
50.0000011973902
49.999999265612836
50.0000015270659
49.999999518558155
49.999999413160275
49.99999944122015
50.00000112571347
49.99999877829829
50.00000039409411
49.9999987658335
49.99999976988667
49.999999186248196
49.99999919791301
49.999998268507376
50.0000010158908
49.99999844121461
49.99999958622815
50.00000080138972
50.00000010021559
50.00000147641915
49.999998308788946
50.000001678930026
50.00000094109163
49.99999985608571
50.000001475388224
49.9999983132328
50.000000535640254
50.000000202966376
49.99999958856974
50.00000125862427
50.00000024010672
49.99999864807821
50.00000168086373
50.00000042372041
49.999999486014055
50.000000555334445
50.00000068280697
50.00000093605722
49.999998280044764
50.000000537758986
50.00000055138058
49.99999831024995
50.000001257552796
50.000001517227076
49.99999852188708
49.99999903232168
49.99999828564813
49.99999889516559
49.99999951287403
49.999998518200805
15.224562946281214
15.178187718098664
15.167078380878774
15.185035568524626
15.185992157692835
15.136251516343307
15.144891298586247
15.143911242445947
15.12351188742959
15.117410681580353
15.139010153513148
15.12737759524841
15.142769187984996
15.149803012577053
15.178361579560312
15.160023379132022
15.151540237574423
15.165582695659502
15.139480424763319
15.186310420756437
49.99999828564813
49.99999903232168
49.99999852188708
50.000001517227076
50.000001257552796
49.99999831024995
50.00000055138058
50.000000537758986
49.999998280044764
50.00000093605722
50.00000068280697
50.000000555334445
49.999999486014055
50.00000042372041
50.00000168086373
49.99999864807821
50.00000024010672
50.00000125862427
49.99999958856974
50.000000202966376
50.000000535640254
49.9999983132328
50.000001475388224
49.99999985608571
50.00000094109163
50.000001678930026
49.999998308788946
50.00000147641915
50.00000010021559
50.00000080138972
49.99999958622815
49.99999844121461
50.0000010158908
49.999998268507376
49.99999919791301
49.999999186248196
49.99999976988667
49.9999987658335
49.999999234982745
49.999999475369876
50.000000765038855
49.999998270619805
50.00000114095091
50.00000088236414
49.999999214491396
49.99999990239783
49.999998548505516
49.999998249232284
50.00000090461486
50.00000011812715
49.999999086959285
49.99999899929331
49.99999913649793
50.00000023063149
50.00000144819701
49.9999986839183
49.99999895259522
50.00000110308468
50.00000061653452
49.99999957127345
50.00000053056392
50.00000175398702
50.00000129701528
50.0000008747731
49.999998314765236
49.99999841211755
49.99999858877817
49.99999973270158
49.99999867028486
49.99999965757459
49.999999255523214
50.000001164551925
50.00000152961032
49.999999993863206
49.99999971906562
49.99999994252644
49.99999969290003
50.00000152664009
50.00000036429229
49.99999832450998
15.27234522955261
15.197327205461566
15.22942221816685
15.227898916172665
15.23588862488022
15.228165359431319
15.193912758493205
15.2369537257233
15.175009234316644
15.179335777002326
15.195144986005454
15.220434513387216
15.217916599874068
15.206013504868015
15.223646097096605
15.205731232782572
15.23130556407685
15.23101653588356
15.208536222885812
15.223362025361418
49.99999969290003
49.99999994252644
49.99999971906562
49.999999993863206
50.00000152961032
50.000001164551925
49.999999255523214
49.99999965757459
49.99999867028486
49.99999973270158
49.99999858877817
49.99999841211755
49.999998314765236
50.0000008747731
50.00000129701528
50.00000175398702
50.00000053056392
49.99999957127345
50.00000061653452
50.00000110308468
49.99999895259522
49.9999986839183
50.00000144819701
50.00000023063149
49.99999913649793
49.99999899929331
49.999999086959285
50.00000011812715
50.00000090461486
49.999998249232284
49.999998548505516
49.99999990239783
49.999999214491396
50.00000088236414
50.00000114095091
49.999998270619805
50.000000765038855
49.999999475369876
49.999998296388775
49.999999763363924
49.99999877928191
49.999998328573426
50.00000057241785
49.999999152154224
49.99999999008876
50.0000004889748
49.999998481937375
49.99999892615877
49.99999830926918
50.000001222069024
50.00000080573903
50.000001212210876
49.99999869784051
50.000000331234375
49.99999865470314
50.000000355471684
50.00000137894846
50.00000055953479
50.000000630497155
50.00000005027902
50.00000137070548
49.99999920548758
49.999998900739364
49.99999832763586
49.999998999703344
49.99999854840836
50.00000172850633
50.00000174113136
49.99999942235259
49.99999884762694
50.000000150736106
49.99999983847323
50.000001330620975
50.00000063311603
50.00000077938403
50.000001116712546
50.000000571452155
50.00000169551249
49.99999944992312
49.99999965040104
15.256670307726106
15.249650276501184
15.281466317746224
15.294596806052596
15.249032718947584
15.267322975271503
15.270216800199433
15.291264670004724
15.285833398847391
15.238460941534402
15.24180939931811
15.23342355962609
15.256971337318163
15.26517590128699
15.28064567735946
15.255922513544768
15.281230946534967
15.28934214852573
15.279327332490446
15.332984666559915
50.000000571452155
50.000001116712546
50.00000077938403
50.00000063311603
50.000001330620975
49.99999983847323
50.000000150736106
49.99999884762694
49.99999942235259
50.00000174113136
50.00000172850633
49.99999854840836
49.999998999703344
49.99999832763586
49.999998900739364
49.99999920548758
50.00000137070548
50.00000005027902
50.000000630497155
50.00000055953479
50.00000137894846
50.000000355471684
49.99999865470314
50.000000331234375
49.99999869784051
50.000001212210876
50.00000080573903
50.000001222069024
49.99999830926918
49.99999892615877
49.999998481937375
50.0000004889748
49.99999999008876
49.999999152154224
50.00000057241785
49.999998328573426
49.99999877928191
49.999999763363924
49.99999915742395
50.00000043476751
49.99999878659928
50.000000124113654
49.99999971616672
49.9999994927516
49.99999988116903
49.99999961512946
50.00000001208257
50.000001272971424
50.0000008326232
49.99999970509723
50.00000165209489
49.99999962166106
50.000000837364716
49.99999834819066
49.99999846782527
50.00000098022367
50.000001594716004
49.99999938609512
50.00000044690476
50.00000007642377
50.00000014420266
49.99999893729183
49.9999985637686
50.000000331986165
49.999998273714496
50.00000133788776
49.99999911083836
49.99999980296985
50.000000510302456
50.00000147497986
49.999999426516645
50.00000157616869
50.00000041923672
49.99999928984967
50.000001273169104
49.99999821669311
50.00000025110317
49.999998756347296
49.99999978804016
50.00000173000008
15.351704705230896
15.364765612009624
15.306343975234348
15.342261559919143
15.32242725942477
15.323389896605372
15.317680377157986
15.306680995474956
15.324509429520866
15.303229230151558
15.301871116849924
15.26351235566337
15.320868609264574
15.315497515905069
15.305013818197631
15.313418781510995
15.345637078473379
15.34134566431776
15.335664843490143
15.352624613562572
50.00000025110317
49.99999821669311
50.000001273169104
49.99999928984967
50.00000041923672
50.00000157616869
49.999999426516645
50.00000147497986
50.000000510302456
49.99999980296985
49.99999911083836
50.00000133788776
49.999998273714496
50.000000331986165
49.9999985637686
49.99999893729183
50.00000014420266
50.00000007642377
50.00000044690476
49.99999938609512
50.000001594716004
50.00000098022367
49.99999846782527
49.99999834819066
50.000000837364716
49.99999962166106
50.00000165209489
49.99999970509723
50.0000008326232
50.000001272971424
50.00000001208257
49.99999961512946
49.99999988116903
49.9999994927516
49.99999971616672
50.000000124113654
49.99999878659928
50.00000043476751
49.999999898458746
49.99999939599057
50.0000007036635
50.000000856056104
50.00000060210929
49.999998448850185
49.99999959796271
50.00000148533137
49.99999847439375
49.99999865243876
49.99999855315829
49.999999503555536
50.00000144274184
50.00000116052
49.999998483866136
50.00000069056129
50.00000011912661
49.99999958190042
49.99999887048522
50.000000178947246
49.99999905255995
50.00000136450166
49.99999839246804
49.999999236463566
49.9999983729609
50.000001119185434
50.00000134040725
50.00000049651798
49.9999993141248
49.99999867843558
49.99999926099329
50.000001377586884
50.00000149343813
49.999999732246515
49.99999948463285
50.000000351174265
49.9999981042265
49.999999342710346
49.99999932573388
50.000000620850884
49.99999808124591
50.00000123283933
15.35166125034645
15.406391856372347
15.380376450962798
15.392463746722692
15.402301516763549
15.385745701819625
15.390580276034422
15.345604257359314
15.400869686566844
15.362095795813588
15.362107872133956
15.364052608429787
15.383649861061059
15.399377734933559
15.387418001280446
15.381880758424781
15.421636162752023
15.402241277831312
15.404495251886486
15.414755777701897
49.99999932573388
49.999999342710346
49.9999981042265
50.000000351174265
49.99999948463285
49.999999732246515
50.00000149343813
50.000001377586884
49.99999926099329
49.99999867843558
49.9999993141248
50.00000049651798
50.00000134040725
50.000001119185434
49.9999983729609
49.999999236463566
49.99999839246804
50.00000136450166
49.99999905255995
50.000000178947246
49.99999887048522
49.99999958190042
50.00000011912661
50.00000069056129
49.999998483866136
50.00000116052
50.00000144274184
49.999999503555536
49.99999855315829
49.99999865243876
49.99999847439375
50.00000148533137
49.99999959796271
49.999998448850185
50.00000060210929
50.000000856056104
50.0000007036635
49.99999939599057
50.00000112098696
50.000000640214346
49.999999634540764
50.00000040865128
49.999998972083475
50.00000066316908
49.99999835723448
49.99999834078936
50.00000129975075
50.0000004901701
50.00000062138489
49.999998618266744
50.00000172767556
50.00000000989302
49.99999978040803
50.00000150197799
50.000000817605645
50.00000078139445
50.00000093810584
49.999999905644145
50.00000039061085
50.000000873405334
50.00000027199225
50.000000036988965
49.99999846363678
50.00000046231628
50.0000004904626
49.99999945073298
49.99999841586197
50.00000156615062
49.999998759811646
50.000001287392536
49.99999827221415
50.00000071624596
50.00000111508811
49.99999899567795
50.00000118276643
49.999999438179984
50.00000013995439
49.99999845796412
50.00000028717159
50.00000039300632
15.492589473393759
15.491324418929294
15.46015691789218
15.436164730363046
15.471639939509174
15.454456377355388
15.451176213274955
15.44090840187874
15.457625662120615
15.438410783304544
15.417801397244114
15.42252411144468
15.435405815039037
15.457669596436597
15.465486878116868
15.473903667134033
15.505880218997676
15.47317517972187
15.507532305883446
15.480687436401164
50.00000013995439
49.999999438179984
50.00000118276643
49.99999899567795
50.00000111508811
50.00000071624596
49.99999827221415
50.000001287392536
49.999998759811646
50.00000156615062
49.99999841586197
49.99999945073298
50.0000004904626
50.00000046231628
49.99999846363678
50.000000036988965
50.00000027199225
50.000000873405334
50.00000039061085
49.999999905644145
50.00000093810584
50.00000078139445
50.000000817605645
50.00000150197799
49.99999978040803
50.00000000989302
50.00000172767556
49.999998618266744
50.00000062138489
50.0000004901701
50.00000129975075
49.99999834078936
49.99999835723448
50.00000066316908
49.999998972083475
50.00000040865128
49.999999634540764
50.000000640214346
50.000001424629644
49.99999921521903
50.00000148105815
49.99999994669113
49.999999422914875
50.000001831212764
50.000000087367006
50.00000044525681
50.0000001259063
49.99999932194053
49.99999896945603
49.999999789841425
49.99999851601506
49.99999839816931
49.999999838831314
49.99999896287342
49.99999898456509
49.99999891472401
50.00000185568447
49.9999995824337
50.000001648077394
49.999999640892675
49.999999177003666
49.999998353706125
49.9999990539665
49.99999898344354
49.99999961763661
49.999998441332295
49.999999787098275
50.00000092926965
49.99999883022265
50.00000096414766
50.000000285027966
50.000000408106935
50.00000106627714
49.99999827401481
49.99999864355686
50.000001331612495
50.00000178890502
49.9999987133204
50.00000167291315
50.00000180668016
15.577355110076395
15.525395765609861
15.593873825727291
15.550282319316645
15.553866153678488
15.551875001815976
15.520817389673434
15.554875258325445
15.530430881149965
15.521024457685987
15.508751635046721
15.530309630708057
15.515789380544499
15.542634841596183
15.50645679427442
15.549441459581562
15.528154798465414
15.542349063364984
15.563948016458516
15.536640154974132
50.00000178890502
50.000001331612495
49.99999864355686
49.99999827401481
50.00000106627714
50.000000408106935
50.000000285027966
50.00000096414766
49.99999883022265
50.00000092926965
49.999999787098275
49.999998441332295
49.99999961763661
49.99999898344354
49.9999990539665
49.999998353706125
49.999999177003666
49.999999640892675
50.000001648077394
49.9999995824337
50.00000185568447
49.99999891472401
49.99999898456509
49.99999896287342
49.999999838831314
49.99999839816931
49.99999851601506
49.999999789841425
49.99999896945603
49.99999932194053
50.0000001259063
50.00000044525681
50.000000087367006
50.000001831212764
49.999999422914875
49.99999994669113
50.00000148105815
49.99999921521903
50.00000053234009
50.000000167522096
50.000000504992684
49.99999915030207
50.00000092979317
50.000000975313775
50.000000322053246
49.999999845200264
50.00000056291815
49.99999985574167
49.99999862478122
50.000000739605326
49.99999893629022
50.00000103057421
49.999999351605695
50.00000080022685
50.000001595657515
50.000000985457916
50.000001555132606
49.999999118049054
49.99999917847774
50.00000046769362
50.00000150069331
50.00000057716698
49.99999934952168
49.99999891542848
50.000000943443304
49.99999934814958
49.99999825657594
49.99999855228954
50.000000898932484
49.99999832219584
50.0000016126608
50.00000014922583
50.0000006844037
49.99999932513649
49.99999897140864
49.9999988300461
50.00000148898027
49.99999854044609
49.999999439782954
49.99999893326039
15.634405933586075
15.655980437606269
15.625713921036212
15.623251112770113
15.586857200774787
15.621814566054164
15.646617258450808
15.64090815774944
15.624462570580137
15.587190629096652
15.629305375677818
15.61953908228246
15.590228624709203
15.618024254795051
15.663750982369054
15.620429752363126
15.630543498877417
15.607805446402743
15.647417500510231
15.666132605406782
50.00000148898027
49.9999988300461
49.99999897140864
49.99999932513649
50.0000006844037
50.00000014922583
50.0000016126608
49.99999832219584
50.000000898932484
49.99999855228954
49.99999825657594
49.99999934814958
50.000000943443304
49.99999891542848
49.99999934952168
50.00000057716698
50.00000150069331
50.00000046769362
49.99999917847774
49.999999118049054
50.000001555132606
50.000000985457916
50.000001595657515
50.00000080022685
49.999999351605695
50.00000103057421
49.99999893629022
50.000000739605326
49.99999862478122
49.99999985574167
50.00000056291815
49.999999845200264
50.000000322053246
50.000000975313775
50.00000092979317
49.99999915030207
50.000000504992684
50.000000167522096
49.99999956067667
50.000001048420806
49.999998251483305
49.99999952798797
50.00000159651854
49.99999962446923
49.99999867401724
49.99999960526042
49.999999394383494
49.999999154946345
49.999999494070224
50.00000054661614
49.99999937596913
49.999999452748014
50.00000035835634
49.99999853527616
50.00000039610128
50.00000173510809
49.999998355920454
49.999999637896835
50.00000099887176
50.000000714512566
50.00000104278674
50.000000090909055
49.99999951249585
50.00000058785496
50.00000122568092
49.999998588174705
50.00000102676188
50.000001779232456
50.00000135516484
50.00000021034855
49.999998316284774
49.999999320040594
49.99999923897139
50.00000132736868
50.00000122325857
50.00000183590492
49.999998371875535
50.00000056364821
49.999999726744754
50.0000015086634
15.76247947510354
15.746185350947872
15.738773026690632
15.741398411105004
15.700688135198908
15.7224273790789
15.716008301776096
15.697070994550426
15.739907483899808
15.68449421706
15.70941321606952
15.732541453913445
15.703790152121618
15.708975959944112
15.701121513199917
15.741116897865618
15.727789272603367
15.728621226674232
15.735920667944193
15.729161041887044
49.999998371875535
50.00000183590492
50.00000122325857
50.00000132736868
49.99999923897139
49.999999320040594
49.999998316284774
50.00000021034855
50.00000135516484
50.000001779232456
50.00000102676188
49.999998588174705
50.00000122568092
50.00000058785496
49.99999951249585
50.000000090909055
50.00000104278674
50.000000714512566
50.00000099887176
49.999999637896835
49.999998355920454
50.00000173510809
50.00000039610128
49.99999853527616
50.00000035835634
49.999999452748014
49.99999937596913
50.00000054661614
49.999999494070224
49.999999154946345
49.999999394383494
49.99999960526042
49.99999867401724
49.99999962446923
50.00000159651854
49.99999952798797
49.999998251483305
50.000001048420806
50.000000695397354
49.999999297274364
50.000001551884935
49.999998596384266
49.99999923034614
49.99999861090242
49.99999986883806
49.99999838855715
50.00000162786074
49.999999871500656
50.000000258075744
50.00000036931634
50.000000127638934
49.999999290863194
50.00000143257113
49.99999902434538
49.99999895643955
50.00000001067517
49.99999826306853
49.99999956685796
49.99999890110826
49.9999987131889
50.0000008255025
50.000000035681914
50.0000011240923
49.99999868309851
50.00000087215419
49.999998140368675
49.999998461848286
49.99999889701402
49.999999872712216
49.99999813371847
50.00000100526603
50.00000113338362
49.99999830801487
49.99999917700302
49.99999961832372
49.999998677608446
49.999998920742264
49.99999921277749
50.00000170753076
50.000001174526695
15.843082091289826
15.824064439073165
15.841587364531449
15.830094847872706
15.786086345236091
15.839479335989123
15.806599359061087
15.830800277123329
15.77590514009351
15.776690929308472
15.786142729762329
15.757942434189864
15.810901253783243
15.802417943219373
15.795565602560307
15.771252822470741
15.793612444780223
15.827959386342103
15.857396581901751
15.867519001400957
49.999998920742264
49.999998677608446
49.99999961832372
49.99999917700302
49.99999830801487
50.00000113338362
50.00000100526603
49.99999813371847
49.999999872712216
49.99999889701402
49.999998461848286
49.999998140368675
50.00000087215419
49.99999868309851
50.0000011240923
50.000000035681914
50.0000008255025
49.9999987131889
49.99999890110826
49.99999956685796
49.99999826306853
50.00000001067517
49.99999895643955
49.99999902434538
50.00000143257113
49.999999290863194
50.000000127638934
50.00000036931634
50.000000258075744
49.999999871500656
50.00000162786074
49.99999838855715
49.99999986883806
49.99999861090242
49.99999923034614
49.999998596384266
50.000001551884935
49.999999297274364
50.000000308390774
