49.99999856611769
50.00000182437532
50.00000119678776
49.99999959300999
49.99999899135832
50.00000050916819
49.99999925071008
49.99999886349238
49.99999822325116
50.00000156804284
49.99999879787449
50.00000130937708
49.99999854708771
49.99999818642765
50.000000422050725
50.00000103128028
50.000000020660224
50.00000033831154
50.000001307558094
49.999998092451605
50.00000090969762
50.00000079573396
50.0000001154511
50.0000004081636
50.00000010244883
50.00000053166266
49.99999946298135
50.000001578726625
50.00000045770939
50.00000038907056
49.99999848412938
49.99999855090337
50.00000087340667
50.000001459656396
50.0000000156308
49.99999987395494
50.00000025702502
50.00000023176331
49.99999869108468
50.00000182206673
50.00000045245634
50.00000042924548
49.99999974481517
49.999999974815
49.99999872350812
50.000000943880174
49.99999998646429
50.00000040308462
49.99999891503532
49.99999965443668
49.99999891503532
50.00000040308462
49.99999998646429
50.000000943880174
49.99999872350812
49.999999974815
49.99999974481517
50.00000042924548
50.00000045245634
50.00000182206673
49.99999869108468
50.00000023176331
50.00000025702502
49.99999987395494
50.0000000156308
50.000001459656396
50.00000087340667
49.99999855090337
49.99999848412938
50.00000038907056
50.00000045770939
50.000001578726625
49.99999946298135
50.00000053166266
50.00000010244883
50.0000004081636
50.0000001154511
50.00000079573396
50.00000090969762
49.999998092451605
50.000001307558094
50.00000033831154
50.000000020660224
50.00000103128028
50.000000422050725
49.99999818642765
49.99999854708771
50.00000130937708
49.99999879787449
50.00000156804284
49.99999822325116
49.99999886349238
49.99999925071008
50.00000050916819
49.99999899135832
49.99999959300999
50.00000119678776
50.00000182437532
49.99999856611769
50.00000092697652
49.99999874496422
50.000001335827484
50.00000101635216
50.000000697013114
50.00000167809045
49.99999863199625
50.00000029440925
50.00000153431884
49.999998626915705
50.000001000505996
50.00000156589864
50.00000115319652
50.00000008384832
49.999998754176
50.00000072912614
49.99999839415382
49.99999883920836
50.00000185995402
49.999998892737146
50.00000011795255
50.000000736788735
49.99999962485821
49.99999850618407
49.999999761303584
50.00000100755102
50.00000043191703
49.99999915671544
49.99999830257653
49.99999894988187
50.000001639798946
49.999999566642174
50.0000005987204
50.00000089191411
50.00000050342375
49.99999912787345
49.999999925926424
49.999998498926345
50.000001393375214
49.999999965317976
50.000000395099676
50.00000109213292
50.00000031972763
49.99999987197575
50.00000132495692
49.999998460834654
50.000000060256866
49.99999946320111
50.00000122664881
49.999998258311905
49.99999850462533
49.999998258311905
50.00000122664881
49.99999946320111
50.000000060256866
49.999998460834654
50.00000132495692
49.99999987197575
50.00000031972763
50.00000109213292
50.000000395099676
49.999999965317976
50.000001393375214
49.999998498926345
49.999999925926424
49.99999912787345
50.00000050342375
50.00000089191411
50.0000005987204
49.999999566642174
50.000001639798946
49.99999894988187
49.99999830257653
49.99999915671544
50.00000043191703
50.00000100755102
49.999999761303584
49.99999850618407
49.99999962485821
50.000000736788735
50.00000011795255
49.999998892737146
50.00000185995402
49.99999883920836
49.99999839415382
50.00000072912614
49.999998754176
50.00000008384832
50.00000115319652
50.00000156589864
50.000001000505996
49.999998626915705
50.00000153431884
50.00000029440925
49.99999863199625
50.00000167809045
50.000000697013114
50.00000101635216
50.000001335827484
49.99999874496422
49.99999866482228
49.99999998630985
50.00000001515451
50.000001190961726
50.000001476160485
50.000000005559706
50.00000143951749
50.000000231679444
50.000001343711574
49.9999987595291
50.00000095447973
50.0000011572899
50.0000004863268
49.99999896017605
50.00000035583882
50.0000014930653
50.00000179353324
50.0000010125589
49.999998921332185
50.0000014786569
50.00000112793607
49.99999973697534
50.00000013541005
50.000000550419394
49.999999012392024
50.0000014038765
50.000001591173955
50.000000895264485
50.00000060523704
50.00000145646956
50.000000555033225
49.99999837859157
49.99999904682244
49.99999892321396
50.000001701765946
49.99999940067064
49.999999197287266
50.00000031383464
50.00000181686396
49.99999875705838
50.00000116666455
49.99999988865821
50.00000073487424
50.00000171627767
50.00000059866297
49.999998782771314
50.00000124023634
50.000001311257584
49.99999974044796
50.00000087319869
50.00000121517611
50.00000087319869
49.99999974044796
50.000001311257584
50.00000124023634
49.999998782771314
50.00000059866297
50.00000171627767
50.00000073487424
49.99999988865821
50.00000116666455
49.99999875705838
50.00000181686396
50.00000031383464
49.999999197287266
49.99999940067064
50.000001701765946
49.99999892321396
49.99999904682244
49.99999837859157
50.000000555033225
50.00000145646956
50.00000060523704
50.000000895264485
50.000001591173955
50.0000014038765
49.999999012392024
50.000000550419394
50.00000013541005
49.99999973697534
50.00000112793607
50.0000014786569
49.999998921332185
50.0000010125589
50.00000179353324
50.0000014930653
50.00000035583882
49.99999896017605
50.0000004863268
50.0000011572899
50.00000095447973
49.9999987595291
50.000001343711574
50.000000231679444
50.00000143951749
50.000000005559706
50.000001476160485
50.000001190961726
50.00000001515451
49.99999998630985
49.99999898676217
50.000000494822146
50.0000010560202
50.000000661848446
49.99999870361623
50.0000000447771
50.000000057079546
49.99999964166693
50.000000829164
50.00000054779708
50.000000068637995
50.000000434999514
50.000001597386515
50.00000112574688
49.99999855178856
50.00000165444442
49.999999156785876
50.00000180122234
50.0000012822379
50.00000108812988
50.000000062970926
50.00000056154893
50.00000148186264
50.00000105173252
50.00000123028856
50.00000023256911
49.999999391831174
50.000000046881354
49.99999991931374
49.99999956045987
49.99999984095058
50.000001326146744
50.000000591309536
50.00000146502085
50.00000002917102
49.999999832634956
50.00000036506574
50.00000084886439
50.00000035109759
50.000001562710246
49.9999992766695
49.999999570543245
50.00000060023269
50.000000396736525
50.0000005468826
49.99999862072488
49.99999961670874
50.000000663801224
49.99999870027775
50.00000188510282
49.99999909836895
50.00000188510282
49.99999870027775
50.000000663801224
49.99999961670874
49.99999862072488
50.0000005468826
50.000000396736525
50.00000060023269
49.999999570543245
49.9999992766695
50.000001562710246
50.00000035109759
50.00000084886439
50.00000036506574
49.999999832634956
50.00000002917102
50.00000146502085
50.000000591309536
50.000001326146744
49.99999984095058
49.99999956045987
49.99999991931374
50.000000046881354
49.999999391831174
50.00000023256911
50.00000123028856
50.00000105173252
50.00000148186264
50.00000056154893
50.000000062970926
50.00000108812988
50.0000012822379
50.00000180122234
49.999999156785876
50.00000165444442
49.99999855178856
50.00000112574688
50.000001597386515
50.000000434999514
50.000000068637995
50.00000054779708
50.000000829164
49.99999964166693
50.000000057079546
50.0000000447771
49.99999870361623
50.000000661848446
50.0000010560202
50.000000494822146
50.00000083347722
50.0000012189959
49.999999709257224
49.99999966195888
49.99999834208603
49.99999915791487
49.999998980890496
50.000000733220965
50.00000089359398
50.00000127822026
49.99999953131474
49.999999388410714
50.00000171474424
49.999999583793965
50.00000094223075
50.00000177678502
49.999998385901236
50.00000125601044
49.9999989166885
50.000001482761185
50.00000092797169
49.999999803951425
50.00000003670577
50.00000031146164
49.99999905611707
50.00000133361478
50.0000014262569
50.00000064898455
50.000000115680514
50.00000089929641
49.99999977334365
50.000001140852014
50.00000151384374
50.00000102273886
49.99999951934404
50.0000005506139
49.99999976721547
50.00000023116808
50.00000100884962
50.00000094962792
49.999998686611406
50.00000021973629
49.99999999974386
49.999999805479185
50.00000123966442
50.00000187308279
49.999999070911414
50.00000139938882
49.99999817588831
50.0000013631911
49.99999985046421
50.0000013631911
49.99999817588831
50.00000139938882
49.999999070911414
50.00000187308279
50.00000123966442
49.999999805479185
49.99999999974386
50.00000021973629
49.999998686611406
50.00000094962792
50.00000100884962
50.00000023116808
49.99999976721547
50.0000005506139
49.99999951934404
50.00000102273886
50.00000151384374
50.000001140852014
49.99999977334365
50.00000089929641
50.000000115680514
50.00000064898455
50.0000014262569
50.00000133361478
49.99999905611707
50.00000031146164
50.00000003670577
49.999999803951425
50.00000092797169
50.000001482761185
49.9999989166885
50.00000125601044
49.999998385901236
50.00000177678502
50.00000094223075
49.999999583793965
50.00000171474424
49.999999388410714
49.99999953131474
50.00000127822026
50.00000089359398
50.000000733220965
49.999998980890496
49.99999915791487
49.99999834208603
49.99999966195888
49.999999709257224
50.0000012189959
49.9999981332784
50.00000084432153
49.99999962340405
49.99999969353031
50.00000043064347
49.99999888020604
50.000000420369524
50.00000083534212
49.99999951973174
49.999999556890195
50.00000033232077
49.99999991811992
49.99999853776014
50.000000161314446
49.999998203908504
49.99999983695807
50.00000085472142
50.000001019374885
50.00000010735117
50.000000615783996
50.00000189405173
49.99999866842689
50.000001156196454
50.00000017604043
50.0000011821447
49.99999868140738
50.000001652727626
50.000000045202384
49.99999905358336
49.99999923899062
50.00000163254201
49.99999904337518
49.99999933859495
49.99999896008593
50.00000146234728
49.99999901043346
49.999998699966504
49.99999970379149
50.0000011913995
49.99999808256154
50.00000051837479
49.99999925798898
50.00000013876872
50.00000114483942
50.000000075692384
49.99999830198137
50.0000007861373
50.00000088776448
49.99999934245626
50.00000048651727
50.00000083242024
50.00000048651727
49.99999934245626
50.00000088776448
50.0000007861373
49.99999830198137
50.000000075692384
50.00000114483942
50.00000013876872
49.99999925798898
50.00000051837479
49.99999808256154
50.0000011913995
49.99999970379149
49.999998699966504
49.99999901043346
50.00000146234728
49.99999896008593
49.99999933859495
49.99999904337518
50.00000163254201
49.99999923899062
49.99999905358336
50.000000045202384
50.000001652727626
49.99999868140738
50.0000011821447
50.00000017604043
50.000001156196454
49.99999866842689
50.00000189405173
50.000000615783996
50.00000010735117
50.000001019374885
50.00000085472142
49.99999983695807
49.999998203908504
50.000000161314446
49.99999853776014
49.99999991811992
50.00000033232077
49.999999556890195
49.99999951973174
50.00000083534212
50.000000420369524
49.99999888020604
50.00000043064347
49.99999969353031
49.99999962340405
50.00000084432153
50.00000010511163
49.99999864854284
50.00000008389284
49.99999864149968
50.00000004625941
49.999999215748716
50.00000080567697
49.9999999489318
50.00000092098856
50.00000132830914
49.999998838469836
50.00000139437695
49.99999899168499
49.99999860048206
50.0000009318901
49.99999860886192
49.99999861402596
50.0000007165331
50.00000053841824
50.00000130327949
50.00000163364352
50.000000423420715
50.00000025398433
49.99999914963365
49.99999947514185
49.99999884853051
49.99999899857549
50.00000107038623
49.99999906014899
50.00000099602722
50.000000415948016
50.000001310242446
50.00000042431391
50.00000150424376
50.000000711279725
50.00000151568421
49.999999579834146
50.00000173534604
49.999999494136134
49.999999265075054
49.999999649292874
49.99999909739778
49.999999612251536
49.999999195087284
49.99999942684247
50.00000167018509
49.99999951338127
50.00000148645216
50.00000074146464
50.00000160247144
50.000000587642134
50.00000160247144
50.00000074146464
50.00000148645216
49.99999951338127
50.00000167018509
49.99999942684247
49.999999195087284
49.999999612251536
49.99999909739778
49.999999649292874
49.999999265075054
49.999999494136134
50.00000173534604
49.999999579834146
50.00000151568421
50.000000711279725
50.00000150424376
50.00000042431391
50.000001310242446
50.000000415948016
50.00000099602722
49.99999906014899
50.00000107038623
49.99999899857549
49.99999884853051
49.99999947514185
49.99999914963365
50.00000025398433
50.000000423420715
50.00000163364352
50.00000130327949
50.00000053841824
50.0000007165331
49.99999861402596
49.99999860886192
50.0000009318901
49.99999860048206
49.99999899168499
50.00000139437695
49.999998838469836
50.00000132830914
50.00000092098856
49.9999999489318
50.00000080567697
49.999999215748716
50.00000004625941
49.99999864149968
50.00000008389284
49.99999864854284
49.9999989963023
50.00000076031114
49.99999946125875
50.000000507725254
49.99999976197016
50.000001350952516
50.000000674319466
49.9999986289132
50.00000080840871
50.000001212452226
49.99999984798774
50.00000168390674
50.00000004852938
49.99999886737133
49.99999854004985
49.999998970494204
49.99999960365919
50.00000071192263
50.00000106546957
50.00000023304239
50.00000075032333
50.00000151353234
50.000000976185845
50.00000150577514
50.00000133085865
50.00000178660462
50.000000891923136
50.0000001359618
50.00000027135992
49.999998809342884
49.99999985204867
50.00000046163479
50.00000082505868
50.00000100518465
50.00000092180305
50.00000021807249
49.999998386774166
49.99999842396261
49.99999945197231
50.00000023248418
49.99999949237802
49.99999933809585
50.00000181341111
50.00000112407048
49.99999885943494
50.00000016302609
49.99999861663109
49.9999989579921
49.99999813459103
50.00000046254713
49.99999867509963
50.00000046254713
49.99999813459103
49.9999989579921
49.99999861663109
50.00000016302609
49.99999885943494
50.00000112407048
50.00000181341111
49.99999933809585
49.99999949237802
50.00000023248418
49.99999945197231
49.99999842396261
49.999998386774166
50.00000021807249
50.00000092180305
50.00000100518465
50.00000082505868
50.00000046163479
49.99999985204867
49.999998809342884
50.00000027135992
50.0000001359618
50.000000891923136
50.00000178660462
50.00000133085865
50.00000150577514
50.000000976185845
50.00000151353234
50.00000075032333
50.00000023304239
50.00000106546957
50.00000071192263
49.99999960365919
49.999998970494204
49.99999854004985
49.99999886737133
50.00000004852938
50.00000168390674
49.99999984798774
50.000001212452226
50.00000080840871
49.9999986289132
50.000000674319466
50.000001350952516
49.99999976197016
50.000000507725254
49.99999946125875
50.00000076031114
50.000000203455436
49.99999932494856
50.00000042850441
49.999998115975124
50.000001590210154
50.000001586130814
49.99999920604078
50.0000009006243
49.999999621204935
50.000000732139576
50.00000160074399
49.99999905943556
50.00000083744015
50.00000007059645
50.00000076633957
49.99999920421441
49.99999871169498
49.99999904651586
49.99999949255563
49.99999913165256
50.00000097195361
49.99999976981171
50.00000178189879
50.00000136247535
50.00000086004553
50.00000160103208
50.0000016013515
49.999998443928774
50.000000324086855
50.00000105563374
50.00000130983954
50.000001408469736
50.00000177263919
49.99999864506317
49.99999944179478
50.00000006404551
49.99999995223486
49.99999844132685
49.99999830652838
49.999998361594365
50.00000102605473
50.00000096186071
50.000000140823815
50.00000033339745
49.999999339239956
49.999998522505955
49.999999025301875
50.0000018013256
50.00000002015308
50.000001767933085
49.999999792872096
50.000001767933085
50.00000002015308
50.0000018013256
49.999999025301875
49.999998522505955
49.999999339239956
50.00000033339745
50.000000140823815
50.00000096186071
50.00000102605473
49.999998361594365
49.99999830652838
49.99999844132685
49.99999995223486
50.00000006404551
49.99999944179478
49.99999864506317
50.00000177263919
50.000001408469736
50.00000130983954
50.00000105563374
50.000000324086855
49.999998443928774
50.0000016013515
50.00000160103208
50.00000086004553
50.00000136247535
50.00000178189879
49.99999976981171
50.00000097195361
49.99999913165256
49.99999949255563
49.99999904651586
49.99999871169498
49.99999920421441
50.00000076633957
50.00000007059645
50.00000083744015
49.99999905943556
50.00000160074399
50.000000732139576
49.999999621204935
50.0000009006243
49.99999920604078
50.000001586130814
50.000001590210154
49.999998115975124
50.00000042850441
49.99999932494856
50.00000011304348
49.99999877829829
50.00000112571347
49.99999944122015
49.999999413160275
49.999999518558155
50.0000015270659
49.999999265612836
50.0000011973902
50.00000138810905
50.000001077632454
50.00000068915369
50.000000756763384
50.000001888905416
50.000000033332306
49.99999925993817
49.99999901044897
49.9999992982096
49.999999150489444
50.00000131151127
50.000001477966286
49.99999828841478
50.00000121499511
50.000001594689934
50.00000093365574
50.000001161780794
49.99999990679556
49.99999848107414
50.00000170652634
49.99999933949561
49.999999569676106
49.99999899945958
50.00000170995133
50.00000029723082
49.99999840672011
49.999999308203904
49.99999887599076
50.00000002793526
50.00000183907821
49.99999932022487
49.99999870140088
49.999998359043275
50.0000002695449
49.99999868233836
49.999998919985636
49.999998565035675
49.999998770391734
50.00000047112158
50.00000062426607
49.99999975380466
49.999998170692216
49.99999975380466
50.00000062426607
50.00000047112158
49.999998770391734
49.999998565035675
49.999998919985636
49.99999868233836
50.0000002695449
49.999998359043275
49.99999870140088
49.99999932022487
50.00000183907821
50.00000002793526
49.99999887599076
49.999999308203904
49.99999840672011
50.00000029723082
50.00000170995133
49.99999899945958
49.999999569676106
49.99999933949561
50.00000170652634
49.99999848107414
49.99999990679556
50.000001161780794
50.00000093365574
50.000001594689934
50.00000121499511
49.99999828841478
50.000001477966286
50.00000131151127
49.999999150489444
49.9999992982096
49.99999901044897
49.99999925993817
50.000000033332306
50.000001888905416
50.000000756763384
50.00000068915369
50.000001077632454
50.00000138810905
50.0000011973902
49.999999265612836
50.0000015270659
49.999999518558155
49.999999413160275
49.99999944122015
50.00000112571347
49.99999877829829
50.00000039409411
49.9999987658335
49.99999976988667
49.999999186248196
49.99999919791301
49.999998268507376
50.0000010158908
49.99999844121461
49.99999958622815
50.00000080138972
50.00000010021559
50.00000147641915
49.999998308788946
50.000001678930026
50.00000094109163
49.99999985608571
50.000001475388224
49.9999983132328
50.000000535640254
50.000000202966376
49.99999958856974
50.00000125862427
50.00000024010672
49.99999864807821
50.00000168086373
50.00000042372041
49.999999486014055
50.000000555334445
50.00000068280697
50.00000093605722
49.999998280044764
50.000000537758986
50.00000055138058
49.99999831024995
50.000001257552796
50.000001517227076
49.99999852188708
49.99999903232168
49.99999828564813
49.99999889516559
49.99999951287403
49.999998518200805
50.000001649253356
49.999999371256386
50.00000077803872
49.9999996867709
50.00000100120512
49.99999813068604
49.99999932329872
50.000001336559414
50.00000071865451
50.000001336559414
49.99999932329872
49.99999813068604
50.00000100120512
49.9999996867709
50.00000077803872
49.999999371256386
50.000001649253356
49.999998518200805
49.99999951287403
49.99999889516559
49.99999828564813
49.99999903232168
49.99999852188708
50.000001517227076
50.000001257552796
49.99999831024995
50.00000055138058
50.000000537758986
49.999998280044764
50.00000093605722
50.00000068280697
50.000000555334445
49.999999486014055
50.00000042372041
50.00000168086373
49.99999864807821
50.00000024010672
50.00000125862427
49.99999958856974
50.000000202966376
50.000000535640254
49.9999983132328
50.000001475388224
49.99999985608571
50.00000094109163
50.000001678930026
49.999998308788946
50.00000147641915
50.00000010021559
50.00000080138972
49.99999958622815
49.99999844121461
50.0000010158908
49.999998268507376
49.99999919791301
49.999999186248196
49.99999976988667
49.9999987658335
49.999999234982745
49.999999475369876
50.000000765038855
49.999998270619805
50.00000114095091
50.00000088236414
49.999999214491396
49.99999990239783
49.999998548505516
49.999998249232284
50.00000090461486
50.00000011812715
49.999999086959285
49.99999899929331
49.99999913649793
50.00000023063149
50.00000144819701
49.9999986839183
49.99999895259522
50.00000110308468
50.00000061653452
49.99999957127345
50.00000053056392
50.00000175398702
50.00000129701528
50.0000008747731
49.999998314765236
49.99999841211755
49.99999858877817
49.99999973270158
49.99999867028486
49.99999965757459
49.999999255523214
50.000001164551925
50.00000152961032
49.999999993863206
49.99999971906562
49.99999994252644
49.99999969290003
50.00000152664009
50.00000036429229
49.99999832450998
50.000001094442396
49.99999921831433
50.000001702272435
49.99999865917298
49.99999871556769
49.99999904542276
50.0000003739746
49.99999946562116
50.00000037840466
49.99999946562116
50.0000003739746
49.99999904542276
49.99999871556769
49.99999865917298
50.000001702272435
49.99999921831433
50.000001094442396
49.99999832450998
50.00000036429229
50.00000152664009
49.99999969290003
49.99999994252644
49.99999971906562
49.999999993863206
50.00000152961032
50.000001164551925
49.999999255523214
49.99999965757459
49.99999867028486
49.99999973270158
49.99999858877817
49.99999841211755
49.999998314765236
50.0000008747731
50.00000129701528
50.00000175398702
50.00000053056392
49.99999957127345
50.00000061653452
50.00000110308468
49.99999895259522
49.9999986839183
50.00000144819701
50.00000023063149
49.99999913649793
49.99999899929331
49.999999086959285
50.00000011812715
50.00000090461486
49.999998249232284
49.999998548505516
49.99999990239783
49.999999214491396
50.00000088236414
50.00000114095091
49.999998270619805
50.000000765038855
49.999999475369876
49.999998296388775
49.999999763363924
49.99999877928191
49.999998328573426
50.00000057241785
49.999999152154224
49.99999999008876
50.0000004889748
49.999998481937375
49.99999892615877
49.99999830926918
50.000001222069024
50.00000080573903
50.000001212210876
49.99999869784051
50.000000331234375
49.99999865470314
50.000000355471684
50.00000137894846
50.00000055953479
50.000000630497155
50.00000005027902
50.00000137070548
49.99999920548758
49.999998900739364
49.99999832763586
49.999998999703344
49.99999854840836
50.00000172850633
50.00000174113136
49.99999942235259
49.99999884762694
50.000000150736106
49.99999983847323
50.000001330620975
50.00000063311603
50.00000077938403
50.000001116712546
50.000000571452155
50.00000169551249
49.99999944992312
49.99999965040104
50.000000509947746
50.000000033138825
49.999999761081654
50.00000101287378
50.000001186744086
50.00000119800904
50.00000176281511
49.99999965422754
49.99999891736314
49.99999965422754
50.00000176281511
50.00000119800904
50.000001186744086
50.00000101287378
49.999999761081654
50.000000033138825
50.000000509947746
49.99999965040104
49.99999944992312
50.00000169551249
50.000000571452155
50.000001116712546
50.00000077938403
50.00000063311603
50.000001330620975
49.99999983847323
50.000000150736106
49.99999884762694
49.99999942235259
50.00000174113136
50.00000172850633
49.99999854840836
49.999998999703344
49.99999832763586
49.999998900739364
49.99999920548758
50.00000137070548
50.00000005027902
50.000000630497155
50.00000055953479
50.00000137894846
50.000000355471684
49.99999865470314
50.000000331234375
49.99999869784051
50.000001212210876
50.00000080573903
50.000001222069024
49.99999830926918
49.99999892615877
49.999998481937375
50.0000004889748
49.99999999008876
49.999999152154224
50.00000057241785
49.999998328573426
49.99999877928191
49.999999763363924
49.99999915742395
50.00000043476751
49.99999878659928
50.000000124113654
49.99999971616672
49.9999994927516
49.99999988116903
49.99999961512946
50.00000001208257
50.000001272971424
50.0000008326232
49.99999970509723
50.00000165209489
49.99999962166106
50.000000837364716
49.99999834819066
49.99999846782527
50.00000098022367
50.000001594716004
49.99999938609512
50.00000044690476
50.00000007642377
50.00000014420266
49.99999893729183
49.9999985637686
50.000000331986165
49.999998273714496
50.00000133788776
49.99999911083836
49.99999980296985
50.000000510302456
50.00000147497986
49.999999426516645
50.00000157616869
50.00000041923672
49.99999928984967
50.000001273169104
49.99999821669311
50.00000025110317
49.999998756347296
49.99999978804016
50.00000173000008
49.99999908674459
50.00000100813727
50.000001587854406
49.99999841362309
50.00000004393281
49.99999995444045
49.99999885195178
50.00000096345479
49.99999915283501
50.00000096345479
49.99999885195178
49.99999995444045
50.00000004393281
49.99999841362309
50.000001587854406
50.00000100813727
49.99999908674459
50.00000173000008
49.99999978804016
49.999998756347296
50.00000025110317
49.99999821669311
50.000001273169104
49.99999928984967
50.00000041923672
50.00000157616869
49.999999426516645
50.00000147497986
50.000000510302456
49.99999980296985
49.99999911083836
50.00000133788776
49.999998273714496
50.000000331986165
49.9999985637686
49.99999893729183
50.00000014420266
50.00000007642377
50.00000044690476
49.99999938609512
50.000001594716004
50.00000098022367
49.99999846782527
49.99999834819066
50.000000837364716
49.99999962166106
50.00000165209489
49.99999970509723
50.0000008326232
50.000001272971424
50.00000001208257
49.99999961512946
49.99999988116903
49.9999994927516
49.99999971616672
50.000000124113654
49.99999878659928
50.00000043476751
49.999999898458746
49.99999939599057
50.0000007036635
50.000000856056104
50.00000060210929
49.999998448850185
49.99999959796271
50.00000148533137
49.99999847439375
49.99999865243876
49.99999855315829
49.999999503555536
50.00000144274184
50.00000116052
49.999998483866136
50.00000069056129
50.00000011912661
49.99999958190042
49.99999887048522
50.000000178947246
49.99999905255995
50.00000136450166
49.99999839246804
49.999999236463566
49.9999983729609
50.000001119185434
50.00000134040725
50.00000049651798
49.9999993141248
49.99999867843558
49.99999926099329
50.000001377586884
50.00000149343813
49.999999732246515
49.99999948463285
50.000000351174265
49.9999981042265
49.999999342710346
49.99999932573388
50.000000620850884
49.99999808124591
50.00000123283933
50.000000893163346
49.9999987433924
49.999999999998956
49.9999985709051
49.999999262004955
49.99999927218178
49.999999307748986
49.999999867894566
50.000001256046595
49.999999867894566
49.999999307748986
49.99999927218178
49.999999262004955
49.9999985709051
49.999999999998956
49.9999987433924
50.000000893163346
50.00000123283933
49.99999808124591
50.000000620850884
49.99999932573388
49.999999342710346
49.9999981042265
50.000000351174265
49.99999948463285
49.999999732246515
50.00000149343813
50.000001377586884
49.99999926099329
49.99999867843558
49.9999993141248
50.00000049651798
50.00000134040725
50.000001119185434
49.9999983729609
49.999999236463566
49.99999839246804
50.00000136450166
49.99999905255995
50.000000178947246
49.99999887048522
49.99999958190042
50.00000011912661
50.00000069056129
49.999998483866136
50.00000116052
50.00000144274184
49.999999503555536
49.99999855315829
49.99999865243876
49.99999847439375
50.00000148533137
49.99999959796271
49.999998448850185
50.00000060210929
50.000000856056104
50.0000007036635
49.99999939599057
50.00000112098696
50.000000640214346
49.999999634540764
50.00000040865128
49.999998972083475
50.00000066316908
49.99999835723448
49.99999834078936
50.00000129975075
50.0000004901701
50.00000062138489
49.999998618266744
50.00000172767556
50.00000000989302
49.99999978040803
50.00000150197799
50.000000817605645
50.00000078139445
50.00000093810584
49.999999905644145
50.00000039061085
50.000000873405334
50.00000027199225
50.000000036988965
49.99999846363678
50.00000046231628
50.0000004904626
49.99999945073298
49.99999841586197
50.00000156615062
49.999998759811646
50.000001287392536
49.99999827221415
50.00000071624596
50.00000111508811
49.99999899567795
50.00000118276643
49.999999438179984
50.00000013995439
49.99999845796412
50.00000028717159
50.00000039300632
50.000000646773
49.99999906174085
50.000000811637484
49.99999981626117
50.000000860099085
50.000001154560984
50.000001393051
49.99999838803195
49.99999981094941
49.99999838803195
50.000001393051
50.000001154560984
50.000000860099085
49.99999981626117
50.000000811637484
49.99999906174085
50.000000646773
50.00000039300632
50.00000028717159
49.99999845796412
50.00000013995439
49.999999438179984
50.00000118276643
49.99999899567795
50.00000111508811
50.00000071624596
49.99999827221415
50.000001287392536
49.999998759811646
50.00000156615062
49.99999841586197
49.99999945073298
50.0000004904626
50.00000046231628
49.99999846363678
50.000000036988965
50.00000027199225
50.000000873405334
50.00000039061085
49.999999905644145
50.00000093810584
50.00000078139445
50.000000817605645
50.00000150197799
49.99999978040803
50.00000000989302
50.00000172767556
49.999998618266744
50.00000062138489
50.0000004901701
50.00000129975075
49.99999834078936
49.99999835723448
50.00000066316908
49.999998972083475
50.00000040865128
49.999999634540764
50.000000640214346
50.000001424629644
49.99999921521903
50.00000148105815
49.99999994669113
49.999999422914875
50.000001831212764
50.000000087367006
50.00000044525681
50.0000001259063
49.99999932194053
49.99999896945603
49.999999789841425
49.99999851601506
49.99999839816931
49.999999838831314
49.99999896287342
49.99999898456509
49.99999891472401
50.00000185568447
49.9999995824337
50.000001648077394
49.999999640892675
49.999999177003666
49.999998353706125
49.9999990539665
49.99999898344354
49.99999961763661
49.999998441332295
49.999999787098275
50.00000092926965
49.99999883022265
50.00000096414766
50.000000285027966
50.000000408106935
50.00000106627714
49.99999827401481
49.99999864355686
50.000001331612495
50.00000178890502
49.9999987133204
50.00000167291315
50.00000180668016
50.0000009701779
50.00000080136684
49.999999152400996
50.000000937360156
49.99999992489211
50.0000006620994
50.0000001719924
49.99999894771003
50.00000095171871
49.99999894771003
50.0000001719924
50.0000006620994
49.99999992489211
50.000000937360156
49.999999152400996
50.00000080136684
50.0000009701779
50.00000180668016
50.00000167291315
49.9999987133204
50.00000178890502
50.000001331612495
49.99999864355686
49.99999827401481
50.00000106627714
50.000000408106935
50.000000285027966
50.00000096414766
49.99999883022265
50.00000092926965
49.999999787098275
49.999998441332295
49.99999961763661
49.99999898344354
49.9999990539665
49.999998353706125
49.999999177003666
49.999999640892675
50.000001648077394
49.9999995824337
50.00000185568447
49.99999891472401
49.99999898456509
49.99999896287342
49.999999838831314
49.99999839816931
49.99999851601506
49.999999789841425
49.99999896945603
49.99999932194053
50.0000001259063
50.00000044525681
50.000000087367006
50.000001831212764
49.999999422914875
49.99999994669113
50.00000148105815
49.99999921521903
50.00000053234009
50.000000167522096
50.000000504992684
49.99999915030207
50.00000092979317
50.000000975313775
50.000000322053246
49.999999845200264
50.00000056291815
49.99999985574167
49.99999862478122
50.000000739605326
49.99999893629022
50.00000103057421
49.999999351605695
50.00000080022685
50.000001595657515
50.000000985457916
50.000001555132606
49.999999118049054
49.99999917847774
50.00000046769362
50.00000150069331
50.00000057716698
49.99999934952168
49.99999891542848
50.000000943443304
49.99999934814958
49.99999825657594
49.99999855228954
50.000000898932484
49.99999832219584
50.0000016126608
50.00000014922583
50.0000006844037
49.99999932513649
49.99999897140864
49.9999988300461
50.00000148898027
49.99999854044609
49.999999439782954
49.99999893326039
49.99999890746324
50.00000097537888
49.999999335045906
49.99999889339566
50.000000710915245
49.99999838150196
49.999999878168126
49.99999839242106
50.00000151180457
49.99999839242106
49.999999878168126
49.99999838150196
50.000000710915245
49.99999889339566
49.999999335045906
50.00000097537888
49.99999890746324
49.99999893326039
49.999999439782954
49.99999854044609
50.00000148898027
49.9999988300461
49.99999897140864
49.99999932513649
50.0000006844037
50.00000014922583
50.0000016126608
49.99999832219584
50.000000898932484
49.99999855228954
49.99999825657594
49.99999934814958
50.000000943443304
49.99999891542848
49.99999934952168
50.00000057716698
50.00000150069331
50.00000046769362
49.99999917847774
49.999999118049054
50.000001555132606
50.000000985457916
50.000001595657515
50.00000080022685
49.999999351605695
50.00000103057421
49.99999893629022
50.000000739605326
49.99999862478122
49.99999985574167
50.00000056291815
49.999999845200264
50.000000322053246
50.000000975313775
50.00000092979317
49.99999915030207
50.000000504992684
50.000000167522096
49.99999956067667
50.000001048420806
49.999998251483305
49.99999952798797
50.00000159651854
49.99999962446923
49.99999867401724
49.99999960526042
49.999999394383494
49.999999154946345
49.999999494070224
50.00000054661614
49.99999937596913
49.999999452748014
50.00000035835634
49.99999853527616
50.00000039610128
50.00000173510809
49.999998355920454
49.999999637896835
50.00000099887176
50.000000714512566
50.00000104278674
50.000000090909055
49.99999951249585
50.00000058785496
50.00000122568092
49.999998588174705
50.00000102676188
50.000001779232456
50.00000135516484
50.00000021034855
49.999998316284774
49.999999320040594
49.99999923897139
50.00000132736868
50.00000122325857
50.00000183590492
49.999998371875535
50.00000056364821
49.999999726744754
50.0000015086634
50.00000048699723
49.9999983058809
50.00000000088848
49.999999611622776
50.00000179546319
50.00000018145787
49.99999906673322
49.99999892890555
50.000000059471496
49.99999892890555
49.99999906673322
50.00000018145787
50.00000179546319
49.999999611622776
50.00000000088848
49.9999983058809
50.00000048699723
50.0000015086634
49.999999726744754
50.00000056364821
49.999998371875535
50.00000183590492
50.00000122325857
50.00000132736868
49.99999923897139
49.999999320040594
49.999998316284774
50.00000021034855
50.00000135516484
50.000001779232456
50.00000102676188
49.999998588174705
50.00000122568092
50.00000058785496
49.99999951249585
50.000000090909055
50.00000104278674
50.000000714512566
50.00000099887176
49.999999637896835
49.999998355920454
50.00000173510809
50.00000039610128
49.99999853527616
50.00000035835634
49.999999452748014
49.99999937596913
50.00000054661614
49.999999494070224
49.999999154946345
49.999999394383494
49.99999960526042
49.99999867401724
49.99999962446923
50.00000159651854
49.99999952798797
49.999998251483305
50.000001048420806
50.000000695397354
49.999999297274364
50.000001551884935
49.999998596384266
49.99999923034614
49.99999861090242
49.99999986883806
49.99999838855715
50.00000162786074
49.999999871500656
50.000000258075744
50.00000036931634
50.000000127638934
49.999999290863194
50.00000143257113
49.99999902434538
49.99999895643955
50.00000001067517
49.99999826306853
49.99999956685796
49.99999890110826
49.9999987131889
50.0000008255025
50.000000035681914
50.0000011240923
49.99999868309851
50.00000087215419
49.999998140368675
49.999998461848286
49.99999889701402
49.999999872712216
49.99999813371847
50.00000100526603
50.00000113338362
49.99999830801487
49.99999917700302
49.99999961832372
49.999998677608446
49.999998920742264
49.99999921277749
50.00000170753076
50.000001174526695
49.99999943177714
50.000001715252445
49.99999863781432
49.99999864377008
49.99999918940566
50.000001131373416
50.00000152306355
50.000000843830456
49.99999938100591
50.000000843830456
50.00000152306355
50.000001131373416
49.99999918940566
49.99999864377008
49.99999863781432
50.000001715252445
49.99999943177714
50.000001174526695
50.00000170753076
49.99999921277749
49.999998920742264
49.999998677608446
49.99999961832372
49.99999917700302
49.99999830801487
50.00000113338362
50.00000100526603
49.99999813371847
49.999999872712216
49.99999889701402
49.999998461848286
49.999998140368675
50.00000087215419
49.99999868309851
50.0000011240923
50.000000035681914
50.0000008255025
49.9999987131889
49.99999890110826
49.99999956685796
49.99999826306853
50.00000001067517
49.99999895643955
49.99999902434538
50.00000143257113
49.999999290863194
50.000000127638934
50.00000036931634
50.000000258075744
49.999999871500656
50.00000162786074
49.99999838855715
49.99999986883806
49.99999861090242
49.99999923034614
49.999998596384266
50.000001551884935
49.999999297274364
50.000000308390774
